100095671650767
100095643697182
100095592005312
100095500333208
100095496575182
100095451763308
100095402626373
100095379672980
100095376047213
100095311905621
100095303741970
100095286421109
100095277912248
100095260685556
100095156913787
100095100732387
100095059553097
100095058804274
100095017253000
100095010221472
61593448101474
100080643282561
100001012883053
100000186829476
100000176544894
1239965662
100003909903746
100009624370770
61593367776107
100051888010710
61593302888392
61587841560679
61552837612788
61592044705127
61592995269744
100065907096139
61576820883111
61588378775654
61559793053687
61593342305758
61584836255031
100011400607620
61559336820534
100017238991722
61593459781103
100084585470533
61580737004622
100044645506100
100047242760659
61592787591307
61578607812730
61593377254028
100092661115370
61575184485183
61585002020988
61593519658672
61581998816243
61593056081762
61593543326477
100004873956632
61592688249649
61553610157381
1357305457
100054909133452
61578801246383
61593287797784
61590213965645
100070024834898
100056221178897
61593358022279
61592557688045
100079574231359
61593499348124
61593164683587
100090265742807
100002087672300
61593457501160
61592787196493
61560229501807
61558856736890
61593550855752
61574971572015
100069910669955
61571762738018
100007843629627
61576373962558
100029912360307
61593045946180
61593365105039
61570335157504
61591360062745
100086098393573
61558399105133
100016494907121
100023913757965
61593157963529
61593069377620
100011390166591
61591146993265
61593570054517
100015007391367
61593653932081
61592003695156
61552216921756
61589211308449
61573327066442
61593067877038
61593163528315
61587004829962
61593409772741
61562271795038
100083001961281
100004661684123
100062951838080
100003718544911
61561378643422
61593384273640
100008552582184
61592419776730
61589530351195
570721334
100001813071054
61592138062125
61589597908075
61570518344794
61593523557523
100023173852546
100094296014365
100014352812074
61592707456966
100044803386201
100002526625425
61593348094537
61585845017072
61581169419677
61592485205311
100076259101031
100004446521390
100001374213677
100063927348239
61581731321652
100033190252750
61593628010550
61593463649932
566701739
61586102702712
61593496557049
100047905523460
61580199222393
100072449551202
100003245250956
61593120854530
100037971002917
61593405931984
61588784951900
61593474507783
61593398849672
61593181931535
100085564471904
61556126018493
100016445957787
61577153561058
61589483376804
100064228981985
61586049343577
61593657650138
61582693258415
61572923453932
61582532873519
100058063365959
100021586906056
100054115437034
61572835782886
100040032632394
61590959197155
100022443720740
100051467430558
100011720594903
61593448101474
